300 300
hgecfahajadfdfaghhjdgjggaheffdbjhjejfbbdghfhbijifafahbfeeheaagihgghaagihghhjcecfacffabeffbfbabeeicgagbgeccihaeacdgdejejacebbabeijfdigedbdbefeefhjhchbffdajbjfihibgbgjjajajafaceeijgcgedadchchggjgjghgdbdbgaghbebebchjieiejjggabfbchbhchefcceceheffdbcigagcgaadaajjjfjfahahahajadfdfagajfcfcfagdbdbgjdjaacidi
1 35
1 48
1 51
1 148
1 170
1 209
2 136
3 57
3 227
4 36
5 71
5 91
5 243
6 75
7 48
7 124
7 146
8 219
9 32
9 105
10 110
11 35
11 72
11 128
13 108
15 53
15 139
18 116
19 200
20 51
21 85
22 26
23 118
25 77
27 134
28 48
29 29
29 288
30 93
32 42
33 137
34 73
34 87
35 126
36 50
37 62
37 73
37 130
38 122
40 102
41 151
43 294
44 54
45 91
45 103
45 224
46 165
47 68
48 77
48 86
48 90
49 80
49 90
49 174
50 51
50 98
51 56
51 58
51 92
51 100
51 167
52 77
52 128
53 92
53 255
53 270
55 136
55 166
56 139
57 274
58 104
59 59
59 114
59 258
60 112
60 159
61 109
61 154
62 99
63 71
67 78
68 132
69 108
69 124
69 128
70 110
71 95
72 168
72 254
73 108
73 173
74 74
75 98
76 160
76 164
77 88
80 188
81 116
81 118
82 84
82 157
86 96
86 121
86 122
86 126
87 96
87 137
87 149
88 143
88 149
88 159
89 133
90 91
90 108
91 155
91 160
91 247
92 142
92 172
92 176
93 157
94 136
94 146
95 167
96 162
97 119
98 266
101 103
101 273
102 105
102 106
103 139
103 140
104 288
105 150
106 153
106 171
106 185
107 119
108 129
108 148
109 109
109 161
109 183
110 148
111 204
113 181
114 158
117 219
117 222
117 234
122 223
123 152
123 226
125 150
125 152
126 183
126 184
127 212
127 225
129 152
129 228
129 257
131 239
133 159
133 262
135 170
135 183
135 258
136 255
137 138
137 145
137 150
137 176
138 208
139 263
142 189
144 195
144 227
146 204
148 148
148 149
148 154
149 203
151 174
152 181
152 190
152 208
152 255
154 219
154 254
155 157
155 158
155 181
155 214
155 241
156 187
156 203
156 220
158 205
160 238
160 256
160 265
163 168
164 216
165 171
165 243
169 184
169 225
170 194
170 254
172 236
173 285
173 287
175 181
178 285
179 227
180 201
180 228
181 203
182 200
185 214
185 239
185 290
186 187
188 251
189 208
189 251
191 252
192 218
193 203
193 287
195 209
196 233
197 299
198 212
198 291
200 209
200 236
200 263
200 291
202 211
203 207
203 218
204 222
206 251
209 219
209 242
210 297
212 295
214 296
216 273
218 293
219 251
219 297
221 285
222 229
223 241
224 262
227 236
227 261
229 231
229 259
230 231
230 246
231 232
231 258
231 281
236 247
241 280
242 248
242 259
244 246
244 250
246 247
249 259
249 295
251 257
252 297
253 281
256 276
257 294
260 275
261 272
263 287
264 272
265 266
266 271
266 288
274 297
