1
1
1
1
1
1
1
1
1
1
1
1
1
1
1
1
1
1
1
1
1
1
1
1
1
1
1
1
1
1
1
15
1
1
1
2
300
1
1
3
1
1
1
1
4
1
1
1
1
1
1
1
2
1
1
1
1
1
1
1
1
1
1
1
271
1
4
2
1
1
1
1
1
1
1
1
1
1
1
1
1
300
1
1
1
1
1
1
1
1
1
1
1
1
1
1
1
1
1
1
1
300
1
1
1
1
1
1
1
27
1
2
1
1
1
2
1
1
1
1
1
1
271
1
1
1
1
1
1
1
1
1
1
1
1
2
1
81
1
88
10
1
1
1
1
1
1
1
4
1
1
300
1
1
1
1
1
1
1
1
1
1
1
1
1
1
1
1
1
1
1
1
1
1
1
1
1
1
1
1
271
1
1
1
1
1
1
1
1
1
300
271
7
1
1
1
1
1
1
1
1
162
88
1
1
1
1
1
1
1
1
1
1
5
1
1
1
1
1
1
1
1
1
1
6
1
1
1
1
1
1
1
1
1
271
1
1
1
1
1
3
1
2
1
1
1
1
2
1
1
1
1
33
1
1
1
1
1
1
1
1
1
1
1
1
1
1
1
1
1
1
81
1
271
1
271
1
1
1
1
2
1
162
1
271
1
1
1
1
1
1
1
1
1
1
2
271
5
1
1
